1000000011201804010000000004166700000000000170
1000000011201805010000000004166700000000000170
1000000011201806010000000004166700000000000170
1000000011201807010000000004166700000000000170
1000000011201808010000000004166700000000000170
1000000011201809010000000004166700000000000170
1000000011201810010000000004166700000000000170
1000000011201811010000000004166700000000000170
1000000011201812010000000004166700000000000170
1000000011201901010000000004166700000000000170
1000000011201902010000000004166700000000000170
1000000011201903010000000004166700000000000170
1000000011201904010000000004166700000000000170
1000000011201905010000000004166700000000000170
1000000011201906010000000004166700000000000170
1000000011201907010000000004166700000000000170
1000000011201908010000000004166700000000000170
1000000011201909010000000004166700000000000170
1000000011201910010000000004166700000000000170
1000000011201911010000000004166700000000000170
1000000011201912010000000004166700000000000170
1000000011202001010000000004166700000000000170
1000000011202002010000000004166700000000000170
1000000011202003010000000004166700000000000170
1000000011202004010000000004166700000000000170
1000000011202005010000000004166700000000000170
1000000011202006010000000004166700000000000170
1000000011202007010000000004166700000000000170
1000000011202008010000000004166700000000000170
1000000011202009010000000004166700000000000170
1000000011202010010000000004166700000000000170
1000000011202011010000000004166700000000000170
1000000011202012010000000004166700000000000170
1000000011202101010000000004166700000000000170
1000000011202102010000000004166700000000000170
1000000011202103010000000004166700000000000170
1000000011202104010000000004166700000000000170
1000000011202105010000000004166700000000000170
1000000011202106010000000004166700000000000170
1000000011202107010000000004166700000000000170
1000000011202108010000000004166700000000000170
1000000011202109010000000004166700000000000170
1000000011202110010000000004166700000000000170
1000000011202111010000000004166700000000000170
1000000011202112010000000004166700000000000170
1000000011202201010000000004166700000000000170
1000000011202202010000000004166700000000000170
1000000011202203010000000004166700000000000170
1000000011202204010000000004166700000000000170
1000000011202205010000000004166700000000000170
1000000011202206010000000004166700000000000170
1000000011202207010000000004166700000000000170
1000000011202208010000000004166700000000000170
1000000011202209010000000004166700000000000170
1000000011202210010000000004166700000000000170
1000000011202211010000000004166700000000000170
1000000011202212010000000004166700000000000170
1000000011202301010000000004166700000000000170
1000000011202302010000000004166700000000000170
1000000011202303010000000004166700000000000170
1000000011202304010000000004166700000000000170
1000000011202305010000000004166700000000000170
1000000011202306010000000004166700000000000170
1000000011202307010000000004166700000000000170
1000000011202308010000000004166700000000000170
1000000011202309010000000004166700000000000170
1000000011202310010000000004166700000000000170
1000000011202311010000000004166700000000000170
1000000011202312010000000004166700000000000170
1000000011202401010000000004166700000000000170
1000000011202402010000000004166700000000000170
1000000011202403010000000004166700000000000170
1000000011202404010000000004166700000000000170
1000000011202405010000000004166700000000000170
1000000011202406010000000004166700000000000170
1000000011202407010000000004166700000000000170
1000000011202408010000000004166700000000000170
1000000011202409010000000004166700000000000170
1000000011202410010000000004166700000000000170
1000000011202411010000000004166700000000000170
1000000011202412010000000004166700000000000170
1000000011202501010000000004166700000000000170
1000000011202502010000000004166700000000000170
1000000011202503010000000004166700000000000170
1000000011202504010000000004166700000000000170
1000000011202505010000000004166700000000000170
1000000011202506010000000004166700000000000170
1000000011202507010000000004166700000000000170
1000000011202508010000000004166700000000000170
1000000011202509010000000004166700000000000170
1000000011202510010000000004166700000000000170
1000000011202511010000000004166700000000000170
1000000011202512010000000004166700000000000170
1000000011202601010000000004166700000000000170
1000000011202602010000000004166700000000000170
1000000011202603010000000004166700000000000170
1000000011202604010000000004166700000000000170
1000000011202605010000000004166700000000000170
1000000011202606010000000004166700000000000170
1000000011202607010000000004166700000000000170
1000000011202608010000000004166700000000000170
1000000011202609010000000004166700000000000170
1000000011202610010000000004166700000000000170
1000000011202611010000000004166700000000000170
1000000011202612010000000004166700000000000170
1000000011202701010000000004166700000000000170
1000000011202702010000000004166700000000000170
1000000011202703010000000004166700000000000170
1000000011202704010000000004166700000000000170
1000000011202705010000000004166700000000000170
1000000011202706010000000004166700000000000170
1000000011202707010000000004166700000000000170
1000000011202708010000000004166700000000000170
1000000011202709010000000004166700000000000170
1000000011202710010000000004166700000000000170
1000000011202711010000000004166700000000000170
1000000011202712010000000004166700000000000170
1000000011202801010000000004166700000000000170
1000000011202802010000000004166700000000000170
1000000011202803010000000004166700000000000170
1000000011202804010000000004166700000000000170
1000000011202805010000000004166700000000000170
1000000011202806010000000004166700000000000170
1000000011202807010000000004166700000000000170
1000000011202808010000000004166700000000000170
1000000011202809010000000004166700000000000170
1000000011202810010000000004166700000000000170
1000000011202811010000000004166700000000000170
1000000011202812010000000004166700000000000170
1000000011202901010000000004166700000000000170
1000000011202902010000000004166700000000000170
1000000011202903010000000004166700000000000170
1000000011202904010000000004166700000000000170
1000000011202905010000000004166700000000000170
1000000011202906010000000004166700000000000170
1000000011202907010000000004166700000000000170
1000000011202908010000000004166700000000000170
1000000011202909010000000004166700000000000170
1000000011202910010000000004166700000000000170
1000000011202911010000000004166700000000000170
1000000011202912010000000004166700000000000170
1000000011203001010000000004166700000000000170
1000000011203002010000000004166700000000000170
1000000011203003010000000004166700000000000170
1000000011203004010000000004166700000000000170
1000000011203005010000000004166700000000000170
1000000011203006010000000004166700000000000170
1000000011203007010000000004166700000000000170
1000000011203008010000000004166700000000000170
1000000011203009010000000004166700000000000170
1000000011203010010000000004166700000000000170
1000000011203011010000000004166700000000000170
1000000011203012010000000004166700000000000170
1000000011203101010000000004166700000000000170
1000000011203102010000000004166700000000000170
1000000011203103010000000004166700000000000170
1000000011203104010000000004166700000000000170
1000000011203105010000000004166700000000000170
1000000011203106010000000004166700000000000170
1000000011203107010000000004166700000000000170
1000000011203108010000000004166700000000000170
1000000011203109010000000004166700000000000170
1000000011203110010000000004166700000000000170
1000000011203111010000000004166700000000000170
1000000011203112010000000004166700000000000170
1000000011203201010000000004166700000000000170
1000000011203202010000000004166700000000000170
1000000011203203010000000004166700000000000170
1000000011203204010000000004166700000000000170
1000000011203205010000000004166700000000000170
1000000011203206010000000004166700000000000170
1000000011203207010000000004166700000000000170
1000000011203208010000000004166700000000000170
1000000011203209010000000004166700000000000170
1000000011203210010000000004166700000000000170
1000000011203211010000000004166700000000000170
1000000011203212010000000004166700000000000170
1000000011203301010000000004166700000000000170
1000000011203302010000000004166700000000000170
1000000011203303010000000004166700000000000170
1000000011203304010000000004166700000000000170
1000000011203305010000000004166700000000000170
1000000011203306010000000004166700000000000170
1000000011203307010000000004166700000000000170
1000000011203308010000000004166700000000000170
1000000011203309010000000004166700000000000170
1000000011203310010000000004166700000000000170
1000000011203311010000000004166700000000000170
1000000011203312010000000004166700000000000170
1000000011203401010000000004166700000000000170
1000000011203402010000000004166700000000000170
1000000011203403010000000004166700000000000170
1000000011203404010000000004166700000000000170
1000000011203405010000000004166700000000000170
1000000011203406010000000004166700000000000170
1000000011203407010000000004166700000000000170
1000000011203408010000000004166700000000000170
1000000011203409010000000004166700000000000170
1000000011203410010000000004166700000000000170
1000000011203411010000000004166700000000000170
1000000011203412010000000004166700000000000170
1000000011203501010000000004166700000000000170
1000000011203502010000000004166700000000000170
1000000011203503010000000004166700000000000170
1000000011203504010000000004166700000000000170
1000000011203505010000000004166700000000000170
1000000011203506010000000004166700000000000170
1000000011203507010000000004166700000000000170
1000000011203508010000000004166700000000000170
1000000011203509010000000004166700000000000170
1000000011203510010000000004166700000000000170
1000000011203511010000000004166700000000000170
1000000011203512010000000004166700000000000170
1000000011203601010000000004166700000000000170
1000000011203602010000000004166700000000000170
1000000011203603010000000004166700000000000170
1000000011203604010000000004166700000000000170
1000000011203605010000000004166700000000000170
1000000011203606010000000004166700000000000170
1000000011203607010000000004166700000000000170
1000000011203608010000000004166700000000000170
1000000011203609010000000004166700000000000170
1000000011203610010000000004166700000000000170
1000000011203611010000000004166700000000000170
1000000011203612010000000004166700000000000170
1000000011203701010000000004166700000000000170
1000000011203702010000000004166700000000000170
1000000011203703010000000004166700000000000170
1000000011203704010000000004166700000000000170
1000000011203705010000000004166700000000000170
1000000011203706010000000004166700000000000170
1000000011203707010000000004166700000000000170
1000000011203708010000000004166700000000000170
1000000011203709010000000004166700000000000170
1000000011203710010000000004166700000000000170
1000000011203711010000000004166700000000000170
1000000011203712010000000004166700000000000170
1000000011203801010000000004166700000000000170
1000000011203802010000000004166700000000000170
1000000011203803010000000004158700000000000170
1000000012201807150000000003339800000000021883
1000000012201808150000000003353800000000021743
1000000012201809150000000003367900000000021602
1000000012201810150000000003382100000000021460
1000000012201811150000000003396300000000021318
1000000012201812150000000003410600000000021175
1000000012201901150000000003425000000000021031
1000000012201902150000000003439400000000020887
1000000012201903150000000003453900000000020742
1000000012201904150000000003468400000000020597
1000000012201905150000000003483000000000020451
1000000012201906150000000003497700000000020304
1000000012201907150000000003512400000000020157
1000000012201908150000000003527200000000020009
1000000012201909150000000003542000000000019861
1000000012201910150000000003556900000000019712
1000000012201911150000000003571900000000019562
1000000012201912150000000003586900000000019412
1000000012202001150000000003602000000000019261
1000000012202002150000000003617200000000019109
1000000012202003150000000003632400000000018957
1000000012202004150000000003647700000000018804
1000000012202005150000000003663000000000018651
1000000012202006150000000003678400000000018497
1000000012202007150000000003693900000000018342
1000000012202008150000000003709500000000018186
1000000012202009150000000003725100000000018030
1000000012202010150000000003740800000000017873
1000000012202011150000000003756500000000017716
1000000012202012150000000003772300000000017558
1000000012202101150000000003788200000000017399
1000000012202102150000000003804100000000017240
1000000012202103150000000003820100000000017080
1000000012202104150000000003836200000000016919
1000000012202105150000000003852400000000016757
1000000012202106150000000003868600000000016595
1000000012202107150000000003884800000000016433
1000000012202108150000000003901200000000016269
1000000012202109150000000003917600000000016105
1000000012202110150000000003934100000000015940
1000000012202111150000000003950700000000015774
1000000012202112150000000003967300000000015608
1000000012202201150000000003984000000000015441
1000000012202202150000000004000700000000015274
1000000012202203150000000004017600000000015105
1000000012202204150000000004034500000000014936
1000000012202205150000000004051500000000014766
1000000012202206150000000004068500000000014596
1000000012202207150000000004085600000000014425
1000000012202208150000000004102800000000014253
1000000012202209150000000004120100000000014080
1000000012202210150000000004137400000000013907
1000000012202211150000000004154800000000013733
1000000012202212150000000004172300000000013558
1000000012202301150000000004189900000000013382
1000000012202302150000000004207500000000013206
1000000012202303150000000004225200000000013029
1000000012202304150000000004243000000000012851
1000000012202305150000000004260900000000012672
1000000012202306150000000004278800000000012493
1000000012202307150000000004296800000000012313
1000000012202308150000000004314900000000012132
1000000012202309150000000004333000000000011951
1000000012202310150000000004351300000000011768
1000000012202311150000000004369600000000011585
1000000012202312150000000004388000000000011401
1000000012202401150000000004406400000000011217
1000000012202402150000000004425000000000011031
1000000012202403150000000004443600000000010845
1000000012202404150000000004462300000000010658
1000000012202405150000000004481100000000010470
1000000012202406150000000004499900000000010282
1000000012202407150000000004518900000000010092
1000000012202408150000000004537900000000009902
1000000012202409150000000004557000000000009711
1000000012202410150000000004576200000000009519
1000000012202411150000000004595400000000009327
1000000012202412150000000004614800000000009133
1000000012202501150000000004634200000000008939
1000000012202502150000000004653700000000008744
1000000012202503150000000004673300000000008548
1000000012202504150000000004692900000000008352
1000000012202505150000000004712700000000008154
1000000012202506150000000004732500000000007956
1000000012202507150000000004752400000000007757
1000000012202508150000000004772400000000007557
1000000012202509150000000004792500000000007356
1000000012202510150000000004812700000000007154
1000000012202511150000000004832900000000006952
1000000012202512150000000004853300000000006748
1000000012202601150000000004873700000000006544
1000000012202602150000000004894200000000006339
1000000012202603150000000004914800000000006133
1000000012202604150000000004935500000000005926
1000000012202605150000000004956300000000005718
1000000012202606150000000004977100000000005510
1000000012202607150000000004998100000000005300
1000000012202608150000000005019100000000005090
1000000012202609150000000005040200000000004879
1000000012202610150000000005061400000000004667
1000000012202611150000000005082700000000004454
1000000012202612150000000005104100000000004240
1000000012202701150000000005125600000000004025
1000000012202702150000000005147200000000003809
1000000012202703150000000005168800000000003593
1000000012202704150000000005190600000000003375
1000000012202705150000000005212400000000003157
1000000012202706150000000005234400000000002937
1000000012202707150000000005256400000000002717
1000000012202708150000000005278500000000002496
1000000012202709150000000005300700000000002274
1000000012202710150000000005323000000000002051
1000000012202711150000000005345400000000001827
1000000012202712150000000005367900000000001602
1000000012202801150000000005390500000000001376
1000000012202802150000000005413200000000001149
1000000012202803150000000005436000000000000921
1000000012202804150000000005458900000000000692
1000000012202805150000000005481800000000000463
1000000012202806150000000005509500000000000232
1000000014201901010000000019047600000000000683
1000000014201902010000000019047600000000000683
1000000014201903010000000019047600000000000683
1000000014201904010000000019047600000000000683
1000000014201905010000000019047600000000000683
1000000014201906010000000019047600000000000683
1000000014201907010000000019047600000000000683
1000000014201908010000000019047600000000000683
1000000014201909010000000019047600000000000683
1000000014201910010000000019047600000000000683
1000000014201911010000000019047600000000000683
1000000014201912010000000019047600000000000683
1000000014202001010000000019047600000000000683
1000000014202002010000000019047600000000000683
1000000014202003010000000019047600000000000683
1000000014202004010000000019047600000000000683
1000000014202005010000000019047600000000000683
1000000014202006010000000019047600000000000683
1000000014202007010000000019047600000000000683
1000000014202008010000000019047600000000000683
1000000014202009010000000019047600000000000683
1000000014202010010000000019047600000000000683
1000000014202011010000000019047600000000000683
1000000014202012010000000019047600000000000683
1000000014202101010000000019047600000000000683
1000000014202102010000000019047600000000000683
1000000014202103010000000019047600000000000683
1000000014202104010000000019047600000000000683
1000000014202105010000000019047600000000000683
1000000014202106010000000019047600000000000683
1000000014202107010000000019047600000000000683
1000000014202108010000000019047600000000000683
1000000014202109010000000019047600000000000683
1000000014202110010000000019047600000000000683
1000000014202111010000000019047600000000000683
1000000014202112010000000019047600000000000683
1000000014202201010000000019047600000000000683
1000000014202202010000000019047600000000000683
1000000014202203010000000019047600000000000683
1000000014202204010000000019047600000000000683
1000000014202205010000000019047600000000000683
1000000014202206010000000019047600000000000683
1000000014202207010000000019047600000000000683
1000000014202208010000000019047600000000000683
1000000014202209010000000019047600000000000683
1000000014202210010000000019047600000000000683
1000000014202211010000000019047600000000000683
1000000014202212010000000019047600000000000683
1000000014202301010000000019047600000000000683
1000000014202302010000000019047600000000000683
1000000014202303010000000019047600000000000683
1000000014202304010000000019047600000000000683
1000000014202305010000000019047600000000000683
1000000014202306010000000019047600000000000683
1000000014202307010000000019047600000000000683
1000000014202308010000000019047600000000000683
1000000014202309010000000019047600000000000683
1000000014202310010000000019047600000000000683
1000000014202311010000000019047600000000000683
1000000014202312010000000019047600000000000683
1000000014202401010000000019047600000000000683
1000000014202402010000000019047600000000000683
1000000014202403010000000019047600000000000683
1000000014202404010000000019047600000000000683
1000000014202405010000000019047600000000000683
1000000014202406010000000019047600000000000683
1000000014202407010000000019047600000000000683
1000000014202408010000000019047600000000000683
1000000014202409010000000019047600000000000683
1000000014202410010000000019047600000000000683
1000000014202411010000000019047600000000000683
1000000014202412010000000019047600000000000683
1000000014202501010000000019047600000000000683
1000000014202502010000000019047600000000000683
1000000014202503010000000019047600000000000683
1000000014202504010000000019047600000000000683
1000000014202505010000000019047600000000000683
1000000014202506010000000019047600000000000683
1000000014202507010000000019047600000000000683
1000000014202508010000000019047600000000000683
1000000014202509010000000019047600000000000683
1000000014202510010000000019047600000000000683
1000000014202511010000000019047600000000000683
1000000014202512010000000019049200000000000683
1000000015201902150000000011666700000000000535
1000000015201903150000000011666700000000000535
1000000015201904150000000011666700000000000535
1000000015201905150000000011666700000000000535
1000000015201906150000000011666700000000000535
1000000015201907150000000011666700000000000535
1000000015201908150000000011666700000000000535
1000000015201909150000000011666700000000000535
1000000015201910150000000011666700000000000535
1000000015201911150000000011666700000000000535
1000000015201912150000000011666700000000000535
1000000015202001150000000011666700000000000535
1000000015202002150000000011666700000000000535
1000000015202003150000000011666700000000000535
1000000015202004150000000011666700000000000535
1000000015202005150000000011666700000000000535
1000000015202006150000000011666700000000000535
1000000015202007150000000011666700000000000535
1000000015202008150000000011666700000000000535
1000000015202009150000000011666700000000000535
1000000015202010150000000011666700000000000535
1000000015202011150000000011666700000000000535
1000000015202012150000000011666700000000000535
1000000015202101150000000011666700000000000535
1000000015202102150000000011666700000000000535
1000000015202103150000000011666700000000000535
1000000015202104150000000011666700000000000535
1000000015202105150000000011666700000000000535
1000000015202106150000000011666700000000000535
1000000015202107150000000011666700000000000535
1000000015202108150000000011666700000000000535
1000000015202109150000000011666700000000000535
1000000015202110150000000011666700000000000535
1000000015202111150000000011666700000000000535
1000000015202112150000000011666700000000000535
1000000015202201150000000011665500000000000535
1000000017201908150000000006168500000000068750
1000000017201909150000000006187800000000068557
1000000017201910150000000006207100000000068364
1000000017201911150000000006226500000000068170
1000000017201912150000000006246000000000067975
1000000017202001150000000006265500000000067780
1000000017202002150000000006285100000000067584
1000000017202003150000000006304700000000067388
1000000017202004150000000006324400000000067191
1000000017202005150000000006344200000000066993
1000000017202006150000000006364000000000066795
1000000017202007150000000006383900000000066596
1000000017202008150000000006403800000000066397
1000000017202009150000000006423800000000066197
1000000017202010150000000006443900000000065996
1000000017202011150000000006464100000000065794
1000000017202012150000000006484300000000065592
1000000017202101150000000006504500000000065390
1000000017202102150000000006524900000000065186
1000000017202103150000000006545200000000064983
1000000017202104150000000006565700000000064778
1000000017202105150000000006586200000000064573
1000000017202106150000000006606800000000064367
1000000017202107150000000006627400000000064161
1000000017202108150000000006648200000000063953
1000000017202109150000000006668900000000063746
1000000017202110150000000006689800000000063537
1000000017202111150000000006710700000000063328
1000000017202112150000000006731600000000063119
1000000017202201150000000006752700000000062908
1000000017202202150000000006773800000000062697
1000000017202203150000000006794900000000062486
1000000017202204150000000006816200000000062273
1000000017202205150000000006837500000000062060
1000000017202206150000000006858900000000061846
1000000017202207150000000006880300000000061632
1000000017202208150000000006901800000000061417
1000000017202209150000000006923400000000061201
1000000017202210150000000006945000000000060985
1000000017202211150000000006966700000000060768
1000000017202212150000000006988500000000060550
1000000017202301150000000007010300000000060332
1000000017202302150000000007032200000000060113
1000000017202303150000000007054200000000059893
1000000017202304150000000007076200000000059673
1000000017202305150000000007098300000000059452
1000000017202306150000000007120500000000059230
1000000017202307150000000007142800000000059007
1000000017202308150000000007165100000000058784
1000000017202309150000000007187500000000058560
1000000017202310150000000007210000000000058335
1000000017202311150000000007232500000000058110
1000000017202312150000000007255100000000057884
1000000017202401150000000007277800000000057657
1000000017202402150000000007300500000000057430
1000000017202403150000000007323300000000057202
1000000017202404150000000007346200000000056973
1000000017202405150000000007369200000000056743
1000000017202406150000000007392200000000056513
1000000017202407150000000007415300000000056282
1000000017202408150000000007438500000000056050
1000000017202409150000000007461700000000055818
1000000017202410150000000007485000000000055585
1000000017202411150000000007508400000000055351
1000000017202412150000000007531900000000055116
1000000017202501150000000007555400000000054881
1000000017202502150000000007579000000000054645
1000000017202503150000000007602700000000054408
1000000017202504150000000007626500000000054170
1000000017202505150000000007650300000000053932
1000000017202506150000000007674200000000053693
1000000017202507150000000007698200000000053453
1000000017202508150000000007722200000000053213
1000000017202509150000000007746400000000052971
1000000017202510150000000007770600000000052729
1000000017202511150000000007794900000000052486
1000000017202512150000000007819200000000052243
1000000017202601150000000007843700000000051998
1000000017202602150000000007868200000000051753
1000000017202603150000000007892800000000051507
1000000017202604150000000007917400000000051261
1000000017202605150000000007942200000000051013
1000000017202606150000000007967000000000050765
1000000017202607150000000007991900000000050516
1000000017202608150000000008016900000000050266
1000000017202609150000000008041900000000050016
1000000017202610150000000008067000000000049765
1000000017202611150000000008092300000000049512
1000000017202612150000000008117500000000049260
1000000017202701150000000008142900000000049006
1000000017202702150000000008168400000000048751
1000000017202703150000000008193900000000048496
1000000017202704150000000008219500000000048240
1000000017202705150000000008245200000000047983
1000000017202706150000000008270900000000047726
1000000017202707150000000008296800000000047467
1000000017202708150000000008322700000000047208
1000000017202709150000000008348700000000046948
1000000017202710150000000008374800000000046687
1000000017202711150000000008401000000000046425
1000000017202712150000000008427200000000046163
1000000017202801150000000008453600000000045899
1000000017202802150000000008480000000000045635
1000000017202803150000000008506500000000045370
1000000017202804150000000008533100000000045104
1000000017202805150000000008559700000000044838
1000000017202806150000000008586500000000044570
1000000017202807150000000008613300000000044302
1000000017202808150000000008640200000000044033
1000000017202809150000000008667200000000043763
1000000017202810150000000008694300000000043492
1000000017202811150000000008721500000000043220
1000000017202812150000000008748700000000042948
1000000017202901150000000008776100000000042674
1000000017202902150000000008803500000000042400
1000000017202903150000000008831000000000042125
1000000017202904150000000008858600000000041849
1000000017202905150000000008886300000000041572
1000000017202906150000000008914100000000041294
1000000017202907150000000008941900000000041016
1000000017202908150000000008969900000000040736
1000000017202909150000000008997900000000040456
1000000017202910150000000009026000000000040175
1000000017202911150000000009054200000000039893
1000000017202912150000000009082500000000039610
1000000017203001150000000009110900000000039326
1000000017203002150000000009139400000000039041
1000000017203003150000000009167900000000038756
1000000017203004150000000009196600000000038469
1000000017203005150000000009225300000000038182
1000000017203006150000000009254200000000037893
1000000017203007150000000009283100000000037604
1000000017203008150000000009312100000000037314
1000000017203009150000000009341200000000037023
1000000017203010150000000009370400000000036731
1000000017203011150000000009399700000000036438
1000000017203012150000000009429000000000036145
1000000017203101150000000009458500000000035850
1000000017203102150000000009488100000000035554
1000000017203103150000000009517700000000035258
1000000017203104150000000009547400000000034961
1000000017203105150000000009577300000000034662
1000000017203106150000000009607200000000034363
1000000017203107150000000009637200000000034063
1000000017203108150000000009667400000000033761
1000000017203109150000000009697600000000033459
1000000017203110150000000009727900000000033156
1000000017203111150000000009758300000000032852
1000000017203112150000000009788800000000032547
1000000017203201150000000009819400000000032241
1000000017203202150000000009850000000000031935
1000000017203203150000000009880800000000031627
1000000017203204150000000009911700000000031318
1000000017203205150000000009942700000000031008
1000000017203206150000000009973700000000030698
1000000017203207150000000010004900000000030386
1000000017203208150000000010036200000000030073
1000000017203209150000000010067500000000029760
1000000017203210150000000010099000000000029445
1000000017203211150000000010130600000000029129
1000000017203212150000000010162200000000028813
1000000017203301150000000010194000000000028495
1000000017203302150000000010225800000000028177
1000000017203303150000000010257800000000027857
1000000017203304150000000010289800000000027537
1000000017203305150000000010322000000000027215
1000000017203306150000000010354300000000026892
1000000017203307150000000010386600000000026569
1000000017203308150000000010419100000000026244
1000000017203309150000000010451600000000025919
1000000017203310150000000010484300000000025592
1000000017203311150000000010517100000000025264
1000000017203312150000000010549900000000024936
1000000017203401150000000010582900000000024606
1000000017203402150000000010616000000000024275
1000000017203403150000000010649100000000023944
1000000017203404150000000010682400000000023611
1000000017203405150000000010715800000000023277
1000000017203406150000000010749300000000022942
1000000017203407150000000010782900000000022606
1000000017203408150000000010816600000000022269
1000000017203409150000000010850400000000021931
1000000017203410150000000010884300000000021592
1000000017203411150000000010918300000000021252
1000000017203412150000000010952400000000020911
1000000017203501150000000010986600000000020569
1000000017203502150000000011021000000000020225
1000000017203503150000000011055400000000019881
1000000017203504150000000011090000000000019535
1000000017203505150000000011124600000000019189
1000000017203506150000000011159400000000018841
1000000017203507150000000011194300000000018492
1000000017203508150000000011229200000000018143
1000000017203509150000000011264300000000017792
1000000017203510150000000011299500000000017440
1000000017203511150000000011334800000000017087
1000000017203512150000000011370300000000016732
1000000017203601150000000011405800000000016377
1000000017203602150000000011441400000000016021
1000000017203603150000000011477200000000015663
1000000017203604150000000011513100000000015304
1000000017203605150000000011549000000000014945
1000000017203606150000000011585100000000014584
1000000017203607150000000011621300000000014222
1000000017203608150000000011657600000000013859
1000000017203609150000000011694100000000013494
1000000017203610150000000011730600000000013129
1000000017203611150000000011767300000000012762
1000000017203612150000000011804000000000012395
1000000017203701150000000011840900000000012026
1000000017203702150000000011877900000000011656
1000000017203703150000000011915100000000011284
1000000017203704150000000011952300000000010912
1000000017203705150000000011989600000000010539
1000000017203706150000000012027100000000010164
1000000017203707150000000012064700000000009788
1000000017203708150000000012102400000000009411
1000000017203709150000000012140200000000009033
1000000017203710150000000012178200000000008653
1000000017203711150000000012216200000000008273
1000000017203712150000000012254400000000007891
1000000017203801150000000012292700000000007508
1000000017203802150000000012331100000000007124
1000000017203803150000000012369600000000006739
1000000017203804150000000012408300000000006352
1000000017203805150000000012447100000000005964
1000000017203806150000000012486000000000005575
1000000017203807150000000012525000000000005185
1000000017203808150000000012564100000000004794
1000000017203809150000000012603400000000004401
1000000017203810150000000012642800000000004007
1000000017203811150000000012682300000000003612
1000000017203812150000000012721900000000003216
1000000017203901150000000012761700000000002818
1000000017203902150000000012801500000000002420
1000000017203903150000000012841500000000002020
1000000017203904150000000012881700000000001618
1000000017203905150000000012921900000000001216
1000000017203906150000000012962300000000000812
1000000017203907150000000013016700000000000407
1000000018201911010000000007916700000000000277
1000000018201912010000000007916700000000000277
1000000018202001010000000007916700000000000277
1000000018202002010000000007916700000000000277
1000000018202003010000000007916700000000000277
1000000018202004010000000007916700000000000277
1000000018202005010000000007916700000000000277
1000000018202006010000000007916700000000000277
1000000018202007010000000007916700000000000277
1000000018202008010000000007916700000000000277
1000000018202009010000000007916700000000000277
1000000018202010010000000007916700000000000277
1000000018202011010000000007916700000000000277
1000000018202012010000000007916700000000000277
1000000018202101010000000007916700000000000277
1000000018202102010000000007916700000000000277
1000000018202103010000000007916700000000000277
1000000018202104010000000007916700000000000277
1000000018202105010000000007916700000000000277
1000000018202106010000000007916700000000000277
1000000018202107010000000007916700000000000277
1000000018202108010000000007916700000000000277
1000000018202109010000000007916700000000000277
1000000018202110010000000007916700000000000277
1000000018202111010000000007916700000000000277
1000000018202112010000000007916700000000000277
1000000018202201010000000007916700000000000277
1000000018202202010000000007916700000000000277
1000000018202203010000000007916700000000000277
1000000018202204010000000007916700000000000277
1000000018202205010000000007916700000000000277
1000000018202206010000000007916700000000000277
1000000018202207010000000007916700000000000277
1000000018202208010000000007916700000000000277
1000000018202209010000000007916700000000000277
1000000018202210010000000007916700000000000277
1000000018202211010000000007916700000000000277
1000000018202212010000000007916700000000000277
1000000018202301010000000007916700000000000277
1000000018202302010000000007916700000000000277
1000000018202303010000000007916700000000000277
1000000018202304010000000007916700000000000277
1000000018202305010000000007916700000000000277
1000000018202306010000000007916700000000000277
1000000018202307010000000007916700000000000277
1000000018202308010000000007916700000000000277
1000000018202309010000000007916700000000000277
1000000018202310010000000007916700000000000277
1000000018202311010000000007916700000000000277
1000000018202312010000000007916700000000000277
1000000018202401010000000007916700000000000277
1000000018202402010000000007916700000000000277
1000000018202403010000000007916700000000000277
1000000018202404010000000007916700000000000277
1000000018202405010000000007916700000000000277
1000000018202406010000000007916700000000000277
1000000018202407010000000007916700000000000277
1000000018202408010000000007916700000000000277
1000000018202409010000000007916700000000000277
1000000018202410010000000007916700000000000277
1000000018202411010000000007916700000000000277
1000000018202412010000000007916700000000000277
1000000018202501010000000007916700000000000277
1000000018202502010000000007916700000000000277
1000000018202503010000000007916700000000000277
1000000018202504010000000007916700000000000277
1000000018202505010000000007916700000000000277
1000000018202506010000000007916700000000000277
1000000018202507010000000007916700000000000277
1000000018202508010000000007916700000000000277
1000000018202509010000000007916700000000000277
1000000018202510010000000007916700000000000277
1000000018202511010000000007916700000000000277
1000000018202512010000000007916700000000000277
1000000018202601010000000007916700000000000277
1000000018202602010000000007916700000000000277
1000000018202603010000000007916700000000000277
1000000018202604010000000007916700000000000277
1000000018202605010000000007916700000000000277
1000000018202606010000000007916700000000000277
1000000018202607010000000007916700000000000277
1000000018202608010000000007916700000000000277
1000000018202609010000000007916700000000000277
1000000018202610010000000007916700000000000277
1000000018202611010000000007916700000000000277
1000000018202612010000000007916700000000000277
1000000018202701010000000007916700000000000277
1000000018202702010000000007916700000000000277
1000000018202703010000000007916700000000000277
1000000018202704010000000007916700000000000277
1000000018202705010000000007916700000000000277
1000000018202706010000000007916700000000000277
1000000018202707010000000007916700000000000277
1000000018202708010000000007916700000000000277
1000000018202709010000000007916700000000000277
1000000018202710010000000007916700000000000277
1000000018202711010000000007916700000000000277
1000000018202712010000000007916700000000000277
1000000018202801010000000007916700000000000277
1000000018202802010000000007916700000000000277
1000000018202803010000000007916700000000000277
1000000018202804010000000007916700000000000277
1000000018202805010000000007916700000000000277
1000000018202806010000000007916700000000000277
1000000018202807010000000007916700000000000277
1000000018202808010000000007916700000000000277
1000000018202809010000000007916700000000000277
1000000018202810010000000007916700000000000277
1000000018202811010000000007916700000000000277
1000000018202812010000000007916700000000000277
1000000018202901010000000007916700000000000277
1000000018202902010000000007916700000000000277
1000000018202903010000000007916700000000000277
1000000018202904010000000007916700000000000277
1000000018202905010000000007916700000000000277
1000000018202906010000000007916700000000000277
1000000018202907010000000007916700000000000277
1000000018202908010000000007916700000000000277
1000000018202909010000000007916700000000000277
1000000018202910010000000007912700000000000277
1000000020202004010000000015476200000000000522
1000000020202005010000000015476200000000000522
1000000020202006010000000015476200000000000522
1000000020202007010000000015476200000000000522
1000000020202008010000000015476200000000000522
1000000020202009010000000015476200000000000522
1000000020202010010000000015476200000000000522
1000000020202011010000000015476200000000000522
1000000020202012010000000015476200000000000522
1000000020202101010000000015476200000000000522
1000000020202102010000000015476200000000000522
1000000020202103010000000015476200000000000522
1000000020202104010000000015476200000000000522
1000000020202105010000000015476200000000000522
1000000020202106010000000015476200000000000522
1000000020202107010000000015476200000000000522
1000000020202108010000000015476200000000000522
1000000020202109010000000015476200000000000522
1000000020202110010000000015476200000000000522
1000000020202111010000000015476200000000000522
1000000020202112010000000015476200000000000522
1000000020202201010000000015476200000000000522
1000000020202202010000000015476200000000000522
1000000020202203010000000015476200000000000522
1000000020202204010000000015476200000000000522
1000000020202205010000000015476200000000000522
1000000020202206010000000015476200000000000522
1000000020202207010000000015476200000000000522
1000000020202208010000000015476200000000000522
1000000020202209010000000015476200000000000522
1000000020202210010000000015476200000000000522
1000000020202211010000000015476200000000000522
1000000020202212010000000015476200000000000522
1000000020202301010000000015476200000000000522
1000000020202302010000000015476200000000000522
1000000020202303010000000015476200000000000522
1000000020202304010000000015476200000000000522
1000000020202305010000000015476200000000000522
1000000020202306010000000015476200000000000522
1000000020202307010000000015476200000000000522
1000000020202308010000000015476200000000000522
1000000020202309010000000015476200000000000522
1000000020202310010000000015476200000000000522
1000000020202311010000000015476200000000000522
1000000020202312010000000015476200000000000522
1000000020202401010000000015476200000000000522
1000000020202402010000000015476200000000000522
1000000020202403010000000015476200000000000522
1000000020202404010000000015476200000000000522
1000000020202405010000000015476200000000000522
1000000020202406010000000015476200000000000522
1000000020202407010000000015476200000000000522
1000000020202408010000000015476200000000000522
1000000020202409010000000015476200000000000522
1000000020202410010000000015476200000000000522
1000000020202411010000000015476200000000000522
1000000020202412010000000015476200000000000522
1000000020202501010000000015476200000000000522
1000000020202502010000000015476200000000000522
1000000020202503010000000015476200000000000522
1000000020202504010000000015476200000000000522
1000000020202505010000000015476200000000000522
1000000020202506010000000015476200000000000522
1000000020202507010000000015476200000000000522
1000000020202508010000000015476200000000000522
1000000020202509010000000015476200000000000522
1000000020202510010000000015476200000000000522
1000000020202511010000000015476200000000000522
1000000020202512010000000015476200000000000522
1000000020202601010000000015476200000000000522
1000000020202602010000000015476200000000000522
1000000020202603010000000015476200000000000522
1000000020202604010000000015476200000000000522
1000000020202605010000000015476200000000000522
1000000020202606010000000015476200000000000522
1000000020202607010000000015476200000000000522
1000000020202608010000000015476200000000000522
1000000020202609010000000015476200000000000522
1000000020202610010000000015476200000000000522
1000000020202611010000000015476200000000000522
1000000020202612010000000015476200000000000522
1000000020202701010000000015476200000000000522
1000000020202702010000000015476200000000000522
1000000020202703010000000015475400000000000522
