1000000092202012050000000006888500000000031208
1000000092202101050000000006919200000000030901
1000000092202102050000000006950000000000030593
1000000092202103050000000006981000000000030283
1000000092202104050000000007012100000000029972
1000000092202105050000000007043400000000029659
1000000092202106050000000007074800000000029345
1000000092202107050000000007106300000000029030
1000000092202108050000000007138000000000028713
1000000092202109050000000007169800000000028395
1000000092202110050000000007201800000000028075
1000000092202111050000000007233900000000027754
1000000092202112050000000007266200000000027431
1000000092202201050000000007298600000000027107
1000000092202202050000000007331100000000026782
1000000092202203050000000007363800000000026455
1000000092202204050000000007396600000000026127
1000000092202205050000000007429600000000025797
1000000092202206050000000007462700000000025466
1000000092202207050000000007496000000000025133
1000000092202208050000000007529400000000024799
1000000092202209050000000007563000000000024463
1000000092202210050000000007596700000000024126
1000000092202211050000000007630600000000023787
1000000092202212050000000007664600000000023447
1000000092202301050000000007698800000000023105
1000000092202302050000000007733100000000022762
1000000092202303050000000007767600000000022417
1000000092202304050000000007802200000000022071
1000000092202305050000000007837000000000021723
1000000092202306050000000007871900000000021374
1000000092202307050000000007907000000000021023
1000000092202308050000000007942300000000020670
1000000092202309050000000007977700000000020316
1000000092202310050000000008013200000000019961
1000000092202311050000000008049000000000019603
1000000092202312050000000008084800000000019245
1000000092202401050000000008120900000000018884
1000000092202402050000000008157100000000018522
1000000092202403050000000008193500000000018158
1000000092202404050000000008230000000000017793
1000000092202405050000000008266700000000017426
1000000092202406050000000008303500000000017058
1000000092202407050000000008340600000000016687
1000000092202408050000000008377700000000016316
1000000092202409050000000008415100000000015942
1000000092202410050000000008452600000000015567
1000000092202411050000000008490300000000015190
1000000092202412050000000008528200000000014811
1000000092202501050000000008566200000000014431
1000000092202502050000000008604400000000014049
1000000092202503050000000008642700000000013666
1000000092202504050000000008681300000000013280
1000000092202505050000000008720000000000012893
1000000092202506050000000008758800000000012505
1000000092202507050000000008797900000000012114
1000000092202508050000000008837100000000011722
1000000092202509050000000008876500000000011328
1000000092202510050000000008916100000000010932
1000000092202511050000000008955800000000010535
1000000092202512050000000008995800000000010135
1000000092202601050000000009035900000000009734
1000000092202602050000000009076200000000009331
1000000092202603050000000009116600000000008927
1000000092202604050000000009157300000000008520
1000000092202605050000000009198100000000008112
1000000092202606050000000009239100000000007702
1000000092202607050000000009280300000000007290
1000000092202608050000000009321700000000006876
1000000092202609050000000009363200000000006461
1000000092202610050000000009405000000000006043
1000000092202611050000000009446900000000005624
1000000092202612050000000009489000000000005203
1000000092202701050000000009531300000000004780
1000000092202702050000000009573800000000004355
1000000092202703050000000009616500000000003928
1000000092202704050000000009659400000000003499
1000000092202705050000000009702400000000003069
1000000092202706050000000009745700000000002636
1000000092202707050000000009789100000000002202
1000000092202708050000000009832800000000001765
1000000092202709050000000009876600000000001327
1000000092202710050000000009920700000000000886
1000000092202711050000000009961300000000000444
1000000093202107250000000245833200000000007785
1000000093202110250000000245833200000000007785
1000000093202201250000000245833200000000007785
1000000093202204250000000245833200000000007785
1000000093202207250000000245833200000000007785
1000000093202210250000000245833200000000007785
1000000093202301250000000245833200000000007785
1000000093202304250000000245833200000000007785
1000000093202307250000000245833200000000007785
1000000093202310250000000245833200000000007785
1000000093202401250000000245833200000000007785
1000000093202404250000000245834800000000007785
1000000095202204250000000007000000000000000324
1000000095202205250000000007000000000000000324
1000000095202206250000000007000000000000000324
1000000095202207250000000007000000000000000324
1000000095202208250000000007000000000000000324
1000000095202209250000000007000000000000000324
1000000095202210250000000007000000000000000324
1000000095202211250000000007000000000000000324
1000000095202212250000000007000000000000000324
1000000095202301250000000007000000000000000324
1000000095202302250000000007000000000000000324
1000000095202303250000000007000000000000000324
1000000095202304250000000007000000000000000324
1000000095202305250000000007000000000000000324
1000000095202306250000000007000000000000000324
1000000095202307250000000007000000000000000324
1000000095202308250000000007000000000000000324
1000000095202309250000000007000000000000000324
1000000095202310250000000007000000000000000324
1000000095202311250000000007000000000000000324
1000000095202312250000000007000000000000000324
1000000095202401250000000007000000000000000324
1000000095202402250000000007000000000000000324
1000000095202403250000000007000000000000000324
1000000095202404250000000007000000000000000324
1000000095202405250000000007000000000000000324
1000000095202406250000000007000000000000000324
1000000095202407250000000007000000000000000324
1000000095202408250000000007000000000000000324
1000000095202409250000000007000000000000000324
1000000095202410250000000007000000000000000324
1000000095202411250000000007000000000000000324
1000000095202412250000000007000000000000000324
1000000095202501250000000007000000000000000324
1000000095202502250000000007000000000000000324
1000000095202503250000000007000000000000000324
1000000095202504250000000007000000000000000324
1000000095202505250000000007000000000000000324
1000000095202506250000000007000000000000000324
1000000095202507250000000007000000000000000324
1000000095202508250000000007000000000000000324
1000000095202509250000000007000000000000000324
1000000095202510250000000007000000000000000324
1000000095202511250000000007000000000000000324
1000000095202512250000000007000000000000000324
1000000095202601250000000007000000000000000324
1000000095202602250000000007000000000000000324
1000000095202603250000000007000000000000000324
1000000095202604250000000007000000000000000324
1000000095202605250000000007000000000000000324
1000000095202606250000000007000000000000000324
1000000095202607250000000007000000000000000324
1000000095202608250000000007000000000000000324
1000000095202609250000000007000000000000000324
1000000095202610250000000007000000000000000324
1000000095202611250000000007000000000000000324
1000000095202612250000000007000000000000000324
1000000095202701250000000007000000000000000324
1000000095202702250000000007000000000000000324
1000000095202703250000000007000000000000000324
1000000095202704250000000007000000000000000324
1000000095202705250000000007000000000000000324
1000000095202706250000000007000000000000000324
1000000095202707250000000007000000000000000324
1000000095202708250000000007000000000000000324
1000000095202709250000000007000000000000000324
1000000095202710250000000007000000000000000324
1000000095202711250000000007000000000000000324
1000000095202712250000000007000000000000000324
1000000095202801250000000007000000000000000324
1000000095202802250000000007000000000000000324
1000000095202803250000000007000000000000000324
1000000095202804250000000007000000000000000324
1000000095202805250000000007000000000000000324
1000000095202806250000000007000000000000000324
1000000095202807250000000007000000000000000324
1000000095202808250000000007000000000000000324
1000000095202809250000000007000000000000000324
1000000095202810250000000007000000000000000324
1000000095202811250000000007000000000000000324
1000000095202812250000000007000000000000000324
1000000095202901250000000007000000000000000324
1000000095202902250000000007000000000000000324
1000000095202903250000000007000000000000000324
1000000095202904250000000007000000000000000324
1000000095202905250000000007000000000000000324
1000000095202906250000000007000000000000000324
1000000095202907250000000007000000000000000324
1000000095202908250000000007000000000000000324
1000000095202909250000000007000000000000000324
1000000095202910250000000007000000000000000324
1000000095202911250000000007000000000000000324
1000000095202912250000000007000000000000000324
1000000095203001250000000007000000000000000324
1000000095203002250000000007000000000000000324
1000000095203003250000000007000000000000000324
1000000095203004250000000007000000000000000324
1000000095203005250000000007000000000000000324
1000000095203006250000000007000000000000000324
1000000095203007250000000007000000000000000324
1000000095203008250000000007000000000000000324
1000000095203009250000000007000000000000000324
1000000095203010250000000007000000000000000324
1000000095203011250000000007000000000000000324
1000000095203012250000000007000000000000000324
1000000095203101250000000007000000000000000324
1000000095203102250000000007000000000000000324
1000000095203103250000000007000000000000000324
1000000095203104250000000007000000000000000324
1000000095203105250000000007000000000000000324
1000000095203106250000000007000000000000000324
1000000095203107250000000007000000000000000324
1000000095203108250000000007000000000000000324
1000000095203109250000000007000000000000000324
1000000095203110250000000007000000000000000324
1000000095203111250000000007000000000000000324
1000000095203112250000000007000000000000000324
1000000095203201250000000007000000000000000324
1000000095203202250000000007000000000000000324
1000000095203203250000000007000000000000000324
1000000095203204250000000007000000000000000324
1000000095203205250000000007000000000000000324
1000000095203206250000000007000000000000000324
1000000095203207250000000007000000000000000324
1000000095203208250000000007000000000000000324
1000000095203209250000000007000000000000000324
1000000095203210250000000007000000000000000324
1000000095203211250000000007000000000000000324
1000000095203212250000000007000000000000000324
1000000095203301250000000007000000000000000324
1000000095203302250000000007000000000000000324
1000000095203303250000000007000000000000000324
1000000095203304250000000007000000000000000324
1000000095203305250000000007000000000000000324
1000000095203306250000000007000000000000000324
1000000095203307250000000007000000000000000324
1000000095203308250000000007000000000000000324
1000000095203309250000000007000000000000000324
1000000095203310250000000007000000000000000324
1000000095203311250000000007000000000000000324
1000000095203312250000000007000000000000000324
1000000095203401250000000007000000000000000324
1000000095203402250000000007000000000000000324
1000000095203403250000000007000000000000000324
1000000095203404250000000007000000000000000324
1000000095203405250000000007000000000000000324
1000000095203406250000000007000000000000000324
1000000095203407250000000007000000000000000324
1000000095203408250000000007000000000000000324
1000000095203409250000000007000000000000000324
1000000095203410250000000007000000000000000324
1000000095203411250000000007000000000000000324
1000000095203412250000000007000000000000000324
1000000095203501250000000007000000000000000324
1000000095203502250000000007000000000000000324
1000000095203503250000000007000000000000000324
1000000095203504250000000007000000000000000324
1000000095203505250000000007000000000000000324
1000000095203506250000000007000000000000000324
1000000095203507250000000007000000000000000324
1000000095203508250000000007000000000000000324
1000000095203509250000000007000000000000000324
1000000095203510250000000007000000000000000324
1000000095203511250000000007000000000000000324
1000000095203512250000000007000000000000000324
1000000095203601250000000007000000000000000324
1000000095203602250000000007000000000000000324
1000000095203603250000000007000000000000000324
1000000095203604250000000007000000000000000324
1000000095203605250000000007000000000000000324
1000000095203606250000000007000000000000000324
1000000095203607250000000007000000000000000324
1000000095203608250000000007000000000000000324
1000000095203609250000000007000000000000000324
1000000095203610250000000007000000000000000324
1000000095203611250000000007000000000000000324
1000000095203612250000000007000000000000000324
1000000095203701250000000007000000000000000324
1000000095203702250000000007000000000000000324
1000000095203703250000000007000000000000000324
1000000095203704250000000007000000000000000324
1000000095203705250000000007000000000000000324
1000000095203706250000000007000000000000000324
1000000095203707250000000007000000000000000324
1000000095203708250000000007000000000000000324
1000000095203709250000000007000000000000000324
1000000095203710250000000007000000000000000324
1000000095203711250000000007000000000000000324
1000000095203712250000000007000000000000000324
1000000095203801250000000007000000000000000324
1000000095203802250000000007000000000000000324
1000000095203803250000000007000000000000000324
1000000095203804250000000007000000000000000324
1000000095203805250000000007000000000000000324
1000000095203806250000000007000000000000000324
1000000095203807250000000007000000000000000324
1000000095203808250000000007000000000000000324
1000000095203809250000000007000000000000000324
1000000095203810250000000007000000000000000324
1000000095203811250000000007000000000000000324
1000000095203812250000000007000000000000000324
1000000095203901250000000007000000000000000324
1000000095203902250000000007000000000000000324
1000000095203903250000000007000000000000000324
1000000095203904250000000007000000000000000324
1000000095203905250000000007000000000000000324
1000000095203906250000000007000000000000000324
1000000095203907250000000007000000000000000324
1000000095203908250000000007000000000000000324
1000000095203909250000000007000000000000000324
1000000095203910250000000007000000000000000324
1000000095203911250000000007000000000000000324
1000000095203912250000000007000000000000000324
1000000095204001250000000007000000000000000324
1000000095204002250000000007000000000000000324
1000000095204003250000000007000000000000000324
1000000095204004250000000007000000000000000324
1000000095204005250000000007000000000000000324
1000000095204006250000000007000000000000000324
1000000095204007250000000007000000000000000324
1000000095204008250000000007000000000000000324
1000000095204009250000000007000000000000000324
1000000095204010250000000007000000000000000324
1000000095204011250000000007000000000000000324
1000000095204012250000000007000000000000000324
1000000095204101250000000007000000000000000324
1000000095204102250000000007000000000000000324
1000000095204103250000000007000000000000000324
1000000095204104250000000007000000000000000324
1000000095204105250000000007000000000000000324
1000000095204106250000000007000000000000000324
1000000095204107250000000007000000000000000324
1000000095204108250000000007000000000000000324
1000000095204109250000000007000000000000000324
1000000095204110250000000007000000000000000324
1000000095204111250000000007000000000000000324
1000000095204112250000000007000000000000000324
1000000095204201250000000007000000000000000324
1000000095204202250000000007000000000000000324
1000000095204203250000000007000000000000000324
1000000096202210100000000005500000000000000195
1000000096202211100000000005500000000000000195
1000000096202212100000000005500000000000000195
1000000096202301100000000005500000000000000195
1000000096202302100000000005500000000000000195
1000000096202303100000000005500000000000000195
1000000096202304100000000005500000000000000195
1000000096202305100000000005500000000000000195
1000000096202306100000000005500000000000000195
1000000096202307100000000005500000000000000195
1000000096202308100000000005500000000000000195
1000000096202309100000000005500000000000000195
1000000096202310100000000005500000000000000195
1000000096202311100000000005500000000000000195
1000000096202312100000000005500000000000000195
1000000096202401100000000005500000000000000195
1000000096202402100000000005500000000000000195
1000000096202403100000000005500000000000000195
1000000096202404100000000005500000000000000195
1000000096202405100000000005500000000000000195
1000000096202406100000000005500000000000000195
1000000096202407100000000005500000000000000195
1000000096202408100000000005500000000000000195
1000000096202409100000000005500000000000000195
1000000096202410100000000005500000000000000195
1000000096202411100000000005500000000000000195
1000000096202412100000000005500000000000000195
1000000096202501100000000005500000000000000195
1000000096202502100000000005500000000000000195
1000000096202503100000000005500000000000000195
1000000096202504100000000005500000000000000195
1000000096202505100000000005500000000000000195
1000000096202506100000000005500000000000000195
1000000096202507100000000005500000000000000195
1000000096202508100000000005500000000000000195
1000000096202509100000000005500000000000000195
1000000096202510100000000005500000000000000195
1000000096202511100000000005500000000000000195
1000000096202512100000000005500000000000000195
1000000096202601100000000005500000000000000195
1000000096202602100000000005500000000000000195
1000000096202603100000000005500000000000000195
1000000096202604100000000005500000000000000195
1000000096202605100000000005500000000000000195
1000000096202606100000000005500000000000000195
1000000096202607100000000005500000000000000195
1000000096202608100000000005500000000000000195
1000000096202609100000000005500000000000000195
1000000096202610100000000005500000000000000195
1000000096202611100000000005500000000000000195
1000000096202612100000000005500000000000000195
1000000096202701100000000005500000000000000195
1000000096202702100000000005500000000000000195
1000000096202703100000000005500000000000000195
1000000096202704100000000005500000000000000195
1000000096202705100000000005500000000000000195
1000000096202706100000000005500000000000000195
1000000096202707100000000005500000000000000195
1000000096202708100000000005500000000000000195
1000000096202709100000000005500000000000000195
1000000096202710100000000005500000000000000195
1000000096202711100000000005500000000000000195
1000000096202712100000000005500000000000000195
1000000096202801100000000005500000000000000195
1000000096202802100000000005500000000000000195
1000000096202803100000000005500000000000000195
1000000096202804100000000005500000000000000195
1000000096202805100000000005500000000000000195
1000000096202806100000000005500000000000000195
1000000096202807100000000005500000000000000195
1000000096202808100000000005500000000000000195
1000000096202809100000000005500000000000000195
1000000096202810100000000005500000000000000195
1000000096202811100000000005500000000000000195
1000000096202812100000000005500000000000000195
1000000096202901100000000005500000000000000195
1000000096202902100000000005500000000000000195
1000000096202903100000000005500000000000000195
1000000096202904100000000005500000000000000195
1000000096202905100000000005500000000000000195
1000000096202906100000000005500000000000000195
1000000096202907100000000005500000000000000195
1000000096202908100000000005500000000000000195
1000000096202909100000000005500000000000000195
1000000096202910100000000005500000000000000195
1000000096202911100000000005500000000000000195
1000000096202912100000000005500000000000000195
1000000096203001100000000005500000000000000195
1000000096203002100000000005500000000000000195
1000000096203003100000000005500000000000000195
1000000096203004100000000005500000000000000195
1000000096203005100000000005500000000000000195
1000000096203006100000000005500000000000000195
1000000096203007100000000005500000000000000195
1000000096203008100000000005500000000000000195
1000000096203009100000000005500000000000000195
1000000096203010100000000005500000000000000195
1000000096203011100000000005500000000000000195
1000000096203012100000000005500000000000000195
1000000096203101100000000005500000000000000195
1000000096203102100000000005500000000000000195
1000000096203103100000000005500000000000000195
1000000096203104100000000005500000000000000195
1000000096203105100000000005500000000000000195
1000000096203106100000000005500000000000000195
1000000096203107100000000005500000000000000195
1000000096203108100000000005500000000000000195
1000000096203109100000000005500000000000000195
1000000096203110100000000005500000000000000195
1000000096203111100000000005500000000000000195
1000000096203112100000000005500000000000000195
1000000096203201100000000005500000000000000195
1000000096203202100000000005500000000000000195
1000000096203203100000000005500000000000000195
1000000096203204100000000005500000000000000195
1000000096203205100000000005500000000000000195
1000000096203206100000000005500000000000000195
1000000096203207100000000005500000000000000195
1000000096203208100000000005500000000000000195
1000000096203209100000000005500000000000000195
1000000098202308050000000005773800000000000190
1000000098202309050000000005773800000000000190
1000000098202310050000000005773800000000000190
1000000098202311050000000005773800000000000190
1000000098202312050000000005773800000000000190
1000000098202401050000000005773800000000000190
1000000098202402050000000005773800000000000190
1000000098202403050000000005773800000000000190
1000000098202404050000000005773800000000000190
1000000098202405050000000005773800000000000190
1000000098202406050000000005773800000000000190
1000000098202407050000000005773800000000000190
1000000098202408050000000005773800000000000190
1000000098202409050000000005773800000000000190
1000000098202410050000000005773800000000000190
1000000098202411050000000005773800000000000190
1000000098202412050000000005773800000000000190
1000000098202501050000000005773800000000000190
1000000098202502050000000005773800000000000190
1000000098202503050000000005773800000000000190
1000000098202504050000000005773800000000000190
1000000098202505050000000005773800000000000190
1000000098202506050000000005773800000000000190
1000000098202507050000000005773800000000000190
1000000098202508050000000005773800000000000190
1000000098202509050000000005773800000000000190
1000000098202510050000000005773800000000000190
1000000098202511050000000005773800000000000190
1000000098202512050000000005773800000000000190
1000000098202601050000000005773800000000000190
1000000098202602050000000005773800000000000190
1000000098202603050000000005773800000000000190
1000000098202604050000000005773800000000000190
1000000098202605050000000005773800000000000190
1000000098202606050000000005773800000000000190
1000000098202607050000000005773800000000000190
1000000098202608050000000005773800000000000190
1000000098202609050000000005773800000000000190
1000000098202610050000000005773800000000000190
1000000098202611050000000005773800000000000190
1000000098202612050000000005773800000000000190
1000000098202701050000000005773800000000000190
1000000098202702050000000005773800000000000190
1000000098202703050000000005773800000000000190
1000000098202704050000000005773800000000000190
1000000098202705050000000005773800000000000190
1000000098202706050000000005773800000000000190
1000000098202707050000000005773800000000000190
1000000098202708050000000005773800000000000190
1000000098202709050000000005773800000000000190
1000000098202710050000000005773800000000000190
1000000098202711050000000005773800000000000190
1000000098202712050000000005773800000000000190
1000000098202801050000000005773800000000000190
1000000098202802050000000005773800000000000190
1000000098202803050000000005773800000000000190
1000000098202804050000000005773800000000000190
1000000098202805050000000005773800000000000190
1000000098202806050000000005773800000000000190
1000000098202807050000000005773800000000000190
1000000098202808050000000005773800000000000190
1000000098202809050000000005773800000000000190
1000000098202810050000000005773800000000000190
1000000098202811050000000005773800000000000190
1000000098202812050000000005773800000000000190
1000000098202901050000000005773800000000000190
1000000098202902050000000005773800000000000190
1000000098202903050000000005773800000000000190
1000000098202904050000000005773800000000000190
1000000098202905050000000005773800000000000190
1000000098202906050000000005773800000000000190
1000000098202907050000000005773800000000000190
1000000098202908050000000005773800000000000190
1000000098202909050000000005773800000000000190
1000000098202910050000000005773800000000000190
1000000098202911050000000005773800000000000190
1000000098202912050000000005773800000000000190
1000000098203001050000000005773800000000000190
1000000098203002050000000005773800000000000190
1000000098203003050000000005773800000000000190
1000000098203004050000000005773800000000000190
1000000098203005050000000005773800000000000190
1000000098203006050000000005773800000000000190
1000000098203007050000000005774600000000000190
1000000099202401100000000093055600000000003839
1000000099202402100000000093055600000000003839
1000000099202403100000000093055600000000003839
1000000099202404100000000093055600000000003839
1000000099202405100000000093055600000000003839
1000000099202406100000000093055600000000003839
1000000099202407100000000093055600000000003839
1000000099202408100000000093055600000000003839
1000000099202409100000000093055600000000003839
1000000099202410100000000093055600000000003839
1000000099202411100000000093055600000000003839
1000000099202412100000000093055600000000003839
1000000099202501100000000093055600000000003839
1000000099202502100000000093055600000000003839
1000000099202503100000000093055600000000003839
1000000099202504100000000093055600000000003839
1000000099202505100000000093055600000000003839
1000000099202506100000000093055600000000003839
1000000099202507100000000093055600000000003839
1000000099202508100000000093055600000000003839
1000000099202509100000000093055600000000003839
1000000099202510100000000093055600000000003839
1000000099202511100000000093055600000000003839
1000000099202512100000000093055600000000003839
1000000099202601100000000093055600000000003839
1000000099202602100000000093055600000000003839
1000000099202603100000000093055600000000003839
1000000099202604100000000093055600000000003839
1000000099202605100000000093055600000000003839
1000000099202606100000000093055600000000003839
1000000099202607100000000093055600000000003839
1000000099202608100000000093055600000000003839
1000000099202609100000000093055600000000003839
1000000099202610100000000093055600000000003839
1000000099202611100000000093055600000000003839
1000000099202612100000000093054000000000003838
