1000000062201610050000000017032800000000082396
1000000062201611050000000017113000000000081594
1000000062201612050000000017193600000000080788
1000000062201701050000000017274500000000079979
1000000062201702050000000017355900000000079165
1000000062201703050000000017437600000000078348
1000000062201704050000000017519700000000077527
1000000062201705050000000017602200000000076702
1000000062201706050000000017685100000000075873
1000000062201707050000000017768300000000075041
1000000062201708050000000017852000000000074204
1000000062201709050000000017936000000000073364
1000000062201710050000000018020500000000072519
1000000062201711050000000018105300000000071671
1000000062201712050000000018190600000000070818
1000000062201801050000000018276200000000069962
1000000062201802050000000018362300000000069101
1000000062201803050000000018448700000000068237
1000000062201804050000000018535600000000067368
1000000062201805050000000018622900000000066495
1000000062201806050000000018710600000000065618
1000000062201807050000000018798600000000064738
1000000062201808050000000018887200000000063852
1000000062201809050000000018976100000000062963
1000000062201810050000000019065400000000062070
1000000062201811050000000019155200000000061172
1000000062201812050000000019245400000000060270
1000000062201901050000000019336000000000059364
1000000062201902050000000019427000000000058454
1000000062201903050000000019518500000000057539
1000000062201904050000000019610400000000056620
1000000062201905050000000019702700000000055697
1000000062201906050000000019795500000000054769
1000000062201907050000000019888700000000053837
1000000062201908050000000019982400000000052900
1000000062201909050000000020076400000000051960
1000000062201910050000000020171000000000051014
1000000062201911050000000020265900000000050065
1000000062201912050000000020361400000000049110
1000000062202001050000000020457200000000048152
1000000062202002050000000020553500000000047189
1000000062202003050000000020650300000000046221
1000000062202004050000000020747500000000045249
1000000062202005050000000020845200000000044272
1000000062202006050000000020943400000000043290
1000000062202007050000000021042000000000042304
1000000062202008050000000021141100000000041313
1000000062202009050000000021240600000000040318
1000000062202010050000000021340600000000039318
1000000062202011050000000021441100000000038313
1000000062202012050000000021542000000000037304
1000000062202101050000000021643500000000036289
1000000062202102050000000021745400000000035270
1000000062202103050000000021847700000000034247
1000000062202104050000000021950600000000033218
1000000062202105050000000022054000000000032184
1000000062202106050000000022157800000000031146
1000000062202107050000000022262100000000030103
1000000062202108050000000022366900000000029055
1000000062202109050000000022472300000000028001
1000000062202110050000000022578100000000026943
1000000062202111050000000022684400000000025880
1000000062202112050000000022791200000000024812
1000000062202201050000000022898500000000023739
1000000062202202050000000023006300000000022661
1000000062202203050000000023114600000000021578
1000000062202204050000000023223500000000020489
1000000062202205050000000023332800000000019396
1000000062202206050000000023442700000000018297
1000000062202207050000000023553000000000017194
1000000062202208050000000023663900000000016085
1000000062202209050000000023775300000000014971
1000000062202210050000000023887300000000013851
1000000062202211050000000023999800000000012726
1000000062202212050000000024112800000000011596
1000000062202301050000000024226300000000010461
1000000062202302050000000024340400000000009320
1000000062202303050000000024455000000000008174
1000000062202304050000000024570100000000007023
1000000062202305050000000024685800000000005866
1000000062202306050000000024802000000000004704
1000000062202307050000000024918800000000003536
1000000062202308050000000025036100000000002363
1000000062202309050000000025149300000000001184
1000000063201702100000000011388900000000000365
1000000063201703100000000011388900000000000365
1000000063201704100000000011388900000000000365
1000000063201705100000000011388900000000000365
1000000063201706100000000011388900000000000365
1000000063201707100000000011388900000000000365
1000000063201708100000000011388900000000000365
1000000063201709100000000011388900000000000365
1000000063201710100000000011388900000000000365
1000000063201711100000000011388900000000000365
1000000063201712100000000011388900000000000365
1000000063201801100000000011388900000000000365
1000000063201802100000000011388900000000000365
1000000063201803100000000011388900000000000365
1000000063201804100000000011388900000000000365
1000000063201805100000000011388900000000000365
1000000063201806100000000011388900000000000365
1000000063201807100000000011388900000000000365
1000000063201808100000000011388900000000000365
1000000063201809100000000011388900000000000365
1000000063201810100000000011388900000000000365
1000000063201811100000000011388900000000000365
1000000063201812100000000011388900000000000365
1000000063201901100000000011388900000000000365
1000000063201902100000000011388900000000000365
1000000063201903100000000011388900000000000365
1000000063201904100000000011388900000000000365
1000000063201905100000000011388900000000000365
1000000063201906100000000011388900000000000365
1000000063201907100000000011388900000000000365
1000000063201908100000000011388900000000000365
1000000063201909100000000011388900000000000365
1000000063201910100000000011388900000000000365
1000000063201911100000000011388900000000000365
1000000063201912100000000011388900000000000365
1000000063202001100000000011388500000000000365
1000000065201802150000000029375100000000001530
1000000065201805150000000029375100000000001530
1000000065201808150000000029375100000000001530
1000000065201811150000000029375100000000001530
1000000065201902150000000029375100000000001530
1000000065201905150000000029375100000000001530
1000000065201908150000000029375100000000001530
1000000065201911150000000029375100000000001530
1000000065202002150000000029375100000000001530
1000000065202005150000000029375100000000001530
1000000065202008150000000029375100000000001530
1000000065202011150000000029375100000000001530
1000000065202102150000000029375100000000001530
1000000065202105150000000029375100000000001530
1000000065202108150000000029375100000000001530
1000000065202111150000000029375100000000001530
1000000065202202150000000029375100000000001530
1000000065202205150000000029375100000000001530
1000000065202208150000000029375100000000001530
1000000065202211150000000029375100000000001530
1000000065202302150000000029375100000000001530
1000000065202305150000000029375100000000001530
1000000065202308150000000029375100000000001530
1000000065202311150000000029375100000000001530
1000000065202402150000000029375100000000001530
1000000065202405150000000029375100000000001530
1000000065202408150000000029375100000000001530
1000000065202411150000000029375100000000001530
1000000065202502150000000029375100000000001530
1000000065202505150000000029375100000000001530
1000000065202508150000000029375100000000001530
1000000065202511150000000029375100000000001530
1000000065202602150000000029375100000000001530
1000000065202605150000000029375100000000001530
1000000065202608150000000029375100000000001530
1000000065202611150000000029375100000000001530
1000000065202702150000000029375100000000001530
1000000065202705150000000029375100000000001530
1000000065202708150000000029375100000000001530
1000000065202711150000000029375100000000001530
1000000065202802150000000029375100000000001530
1000000065202805150000000029375100000000001530
1000000065202808150000000029375100000000001530
1000000065202811150000000029375100000000001530
1000000065202902150000000029375100000000001530
1000000065202905150000000029375100000000001530
1000000065202908150000000029375100000000001530
1000000065202911150000000029375100000000001530
1000000065203002150000000029375100000000001530
1000000065203005150000000029375100000000001530
1000000065203008150000000029375100000000001530
1000000065203011150000000029375100000000001530
1000000065203102150000000029375100000000001530
1000000065203105150000000029375100000000001530
1000000065203108150000000029375100000000001530
1000000065203111150000000029375100000000001530
1000000065203202150000000029375100000000001530
1000000065203205150000000029375100000000001530
1000000065203208150000000029375100000000001530
1000000065203211150000000029375100000000001530
1000000065203302150000000029375100000000001530
1000000065203305150000000029375100000000001530
1000000065203308150000000029375100000000001530
1000000065203311150000000029375100000000001530
1000000065203402150000000029375100000000001530
1000000065203405150000000029375100000000001530
1000000065203408150000000029375100000000001530
1000000065203411150000000029375100000000001530
1000000065203502150000000029375100000000001530
1000000065203505150000000029375100000000001530
1000000065203508150000000029375100000000001530
1000000065203511150000000029375100000000001530
1000000065203602150000000029375100000000001530
1000000065203605150000000029375100000000001530
1000000065203608150000000029375100000000001530
1000000065203611150000000029375100000000001530
1000000065203702150000000029375100000000001530
1000000065203705150000000029375100000000001530
1000000065203708150000000029375100000000001530
1000000065203711150000000029367100000000001530
1000000066201805100000000007250000000000000214
1000000066201806100000000007250000000000000214
1000000066201807100000000007250000000000000214
1000000066201808100000000007250000000000000214
1000000066201809100000000007250000000000000214
1000000066201810100000000007250000000000000214
1000000066201811100000000007250000000000000214
1000000066201812100000000007250000000000000214
1000000066201901100000000007250000000000000214
1000000066201902100000000007250000000000000214
1000000066201903100000000007250000000000000214
1000000066201904100000000007250000000000000214
1000000066201905100000000007250000000000000214
1000000066201906100000000007250000000000000214
1000000066201907100000000007250000000000000214
1000000066201908100000000007250000000000000214
1000000066201909100000000007250000000000000214
1000000066201910100000000007250000000000000214
1000000066201911100000000007250000000000000214
1000000066201912100000000007250000000000000214
1000000066202001100000000007250000000000000214
1000000066202002100000000007250000000000000214
1000000066202003100000000007250000000000000214
1000000066202004100000000007250000000000000214
1000000066202005100000000007250000000000000214
1000000066202006100000000007250000000000000214
1000000066202007100000000007250000000000000214
1000000066202008100000000007250000000000000214
1000000066202009100000000007250000000000000214
1000000066202010100000000007250000000000000214
1000000066202011100000000007250000000000000214
1000000066202012100000000007250000000000000214
1000000066202101100000000007250000000000000214
1000000066202102100000000007250000000000000214
1000000066202103100000000007250000000000000214
1000000066202104100000000007250000000000000214
1000000066202105100000000007250000000000000214
1000000066202106100000000007250000000000000214
1000000066202107100000000007250000000000000214
1000000066202108100000000007250000000000000214
1000000066202109100000000007250000000000000214
1000000066202110100000000007250000000000000214
1000000066202111100000000007250000000000000214
1000000066202112100000000007250000000000000214
1000000066202201100000000007250000000000000214
1000000066202202100000000007250000000000000214
1000000066202203100000000007250000000000000214
1000000066202204100000000007250000000000000214
1000000066202205100000000007250000000000000214
1000000066202206100000000007250000000000000214
1000000066202207100000000007250000000000000214
1000000066202208100000000007250000000000000214
1000000066202209100000000007250000000000000214
1000000066202210100000000007250000000000000214
1000000066202211100000000007250000000000000214
1000000066202212100000000007250000000000000214
1000000066202301100000000007250000000000000214
1000000066202302100000000007250000000000000214
1000000066202303100000000007250000000000000214
1000000066202304100000000007250000000000000214
1000000066202305100000000007250000000000000214
1000000066202306100000000007250000000000000214
1000000066202307100000000007250000000000000214
1000000066202308100000000007250000000000000214
1000000066202309100000000007250000000000000214
1000000066202310100000000007250000000000000214
1000000066202311100000000007250000000000000214
1000000066202312100000000007250000000000000214
1000000066202401100000000007250000000000000214
1000000066202402100000000007250000000000000214
1000000066202403100000000007250000000000000214
1000000066202404100000000007250000000000000214
1000000066202405100000000007250000000000000214
1000000066202406100000000007250000000000000214
1000000066202407100000000007250000000000000214
1000000066202408100000000007250000000000000214
1000000066202409100000000007250000000000000214
1000000066202410100000000007250000000000000214
1000000066202411100000000007250000000000000214
1000000066202412100000000007250000000000000214
1000000066202501100000000007250000000000000214
1000000066202502100000000007250000000000000214
1000000066202503100000000007250000000000000214
1000000066202504100000000007250000000000000214
1000000066202505100000000007250000000000000214
1000000066202506100000000007250000000000000214
1000000066202507100000000007250000000000000214
1000000066202508100000000007250000000000000214
1000000066202509100000000007250000000000000214
1000000066202510100000000007250000000000000214
1000000066202511100000000007250000000000000214
1000000066202512100000000007250000000000000214
1000000066202601100000000007250000000000000214
1000000066202602100000000007250000000000000214
1000000066202603100000000007250000000000000214
1000000066202604100000000007250000000000000214
1000000066202605100000000007250000000000000214
1000000066202606100000000007250000000000000214
1000000066202607100000000007250000000000000214
1000000066202608100000000007250000000000000214
1000000066202609100000000007250000000000000214
1000000066202610100000000007250000000000000214
1000000066202611100000000007250000000000000214
1000000066202612100000000007250000000000000214
1000000066202701100000000007250000000000000214
1000000066202702100000000007250000000000000214
1000000066202703100000000007250000000000000214
1000000066202704100000000007250000000000000214
1000000066202705100000000007250000000000000214
1000000066202706100000000007250000000000000214
1000000066202707100000000007250000000000000214
1000000066202708100000000007250000000000000214
1000000066202709100000000007250000000000000214
1000000066202710100000000007250000000000000214
1000000066202711100000000007250000000000000214
1000000066202712100000000007250000000000000214
1000000066202801100000000007250000000000000214
1000000066202802100000000007250000000000000214
1000000066202803100000000007250000000000000214
1000000066202804100000000007250000000000000214
1000000068201902050000000015238100000000000603
1000000068201903050000000015238100000000000603
1000000068201904050000000015238100000000000603
1000000068201905050000000015238100000000000603
1000000068201906050000000015238100000000000603
1000000068201907050000000015238100000000000603
1000000068201908050000000015238100000000000603
1000000068201909050000000015238100000000000603
1000000068201910050000000015238100000000000603
1000000068201911050000000015238100000000000603
1000000068201912050000000015238100000000000603
1000000068202001050000000015238100000000000603
1000000068202002050000000015238100000000000603
1000000068202003050000000015238100000000000603
1000000068202004050000000015238100000000000603
1000000068202005050000000015238100000000000603
1000000068202006050000000015238100000000000603
1000000068202007050000000015238100000000000603
1000000068202008050000000015238100000000000603
1000000068202009050000000015238100000000000603
1000000068202010050000000015238100000000000603
1000000068202011050000000015238100000000000603
1000000068202012050000000015238100000000000603
1000000068202101050000000015238100000000000603
1000000068202102050000000015238100000000000603
1000000068202103050000000015238100000000000603
1000000068202104050000000015238100000000000603
1000000068202105050000000015238100000000000603
1000000068202106050000000015238100000000000603
1000000068202107050000000015238100000000000603
1000000068202108050000000015238100000000000603
1000000068202109050000000015238100000000000603
1000000068202110050000000015238100000000000603
1000000068202111050000000015238100000000000603
1000000068202112050000000015238100000000000603
1000000068202201050000000015238100000000000603
1000000068202202050000000015238100000000000603
1000000068202203050000000015238100000000000603
1000000068202204050000000015238100000000000603
1000000068202205050000000015238100000000000603
1000000068202206050000000015238100000000000603
1000000068202207050000000015238100000000000603
1000000068202208050000000015238100000000000603
1000000068202209050000000015238100000000000603
1000000068202210050000000015238100000000000603
1000000068202211050000000015238100000000000603
1000000068202212050000000015238100000000000603
1000000068202301050000000015238100000000000603
1000000068202302050000000015238100000000000603
1000000068202303050000000015238100000000000603
1000000068202304050000000015238100000000000603
1000000068202305050000000015238100000000000603
1000000068202306050000000015238100000000000603
1000000068202307050000000015238100000000000603
1000000068202308050000000015238100000000000603
1000000068202309050000000015238100000000000603
1000000068202310050000000015238100000000000603
1000000068202311050000000015238100000000000603
1000000068202312050000000015238100000000000603
1000000068202401050000000015238100000000000603
1000000068202402050000000015238100000000000603
1000000068202403050000000015238100000000000603
1000000068202404050000000015238100000000000603
1000000068202405050000000015238100000000000603
1000000068202406050000000015238100000000000603
1000000068202407050000000015238100000000000603
1000000068202408050000000015238100000000000603
1000000068202409050000000015238100000000000603
1000000068202410050000000015238100000000000603
1000000068202411050000000015238100000000000603
1000000068202412050000000015238100000000000603
1000000068202501050000000015238100000000000603
1000000068202502050000000015238100000000000603
1000000068202503050000000015238100000000000603
1000000068202504050000000015238100000000000603
1000000068202505050000000015238100000000000603
1000000068202506050000000015238100000000000603
1000000068202507050000000015238100000000000603
1000000068202508050000000015238100000000000603
1000000068202509050000000015238100000000000603
1000000068202510050000000015238100000000000603
1000000068202511050000000015238100000000000603
1000000068202512050000000015238100000000000603
1000000068202601050000000015237700000000000603
1000000069201909150000000158333400000000005212
1000000069201912150000000158333400000000005212
1000000069202003150000000158333400000000005212
1000000069202006150000000158333400000000005212
1000000069202009150000000158333400000000005212
1000000069202012150000000158333400000000005212
1000000069202103150000000158333400000000005212
1000000069202106150000000158333400000000005212
1000000069202109150000000158333400000000005212
1000000069202112150000000158333400000000005212
1000000069202203150000000158333400000000005212
1000000069202206150000000158332600000000005212
