1000000002201604010000000012456400000000038800
1000000002201605010000000012496700000000038397
1000000002201606010000000012537100000000037993
1000000002201607010000000012577600000000037588
1000000002201608010000000012618300000000037181
1000000002201609010000000012659100000000036773
1000000002201610010000000012700000000000036364
1000000002201611010000000012741100000000035953
1000000002201612010000000012782300000000035541
1000000002201701010000000012823600000000035128
1000000002201702010000000012865100000000034713
1000000002201703010000000012906700000000034297
1000000002201704010000000012948400000000033880
1000000002201705010000000012990300000000033461
1000000002201706010000000013032300000000033041
1000000002201707010000000013074400000000032620
1000000002201708010000000013116700000000032197
1000000002201709010000000013159100000000031773
1000000002201710010000000013201600000000031348
1000000002201711010000000013244300000000030921
1000000002201712010000000013287100000000030493
1000000002201801010000000013330100000000030063
1000000002201802010000000013373200000000029632
1000000002201803010000000013416400000000029200
1000000002201804010000000013459800000000028766
1000000002201805010000000013503300000000028331
1000000002201806010000000013547000000000027894
1000000002201807010000000013590800000000027456
1000000002201808010000000013634800000000027016
1000000002201809010000000013678800000000026576
1000000002201810010000000013723100000000026133
1000000002201811010000000013767400000000025690
1000000002201812010000000013812000000000025244
1000000002201901010000000013856600000000024798
1000000002201902010000000013901400000000024350
1000000002201903010000000013946400000000023900
1000000002201904010000000013991500000000023449
1000000002201905010000000014036700000000022997
1000000002201906010000000014082100000000022543
1000000002201907010000000014127600000000022088
1000000002201908010000000014173300000000021631
1000000002201909010000000014219100000000021173
1000000002201910010000000014265100000000020713
1000000002201911010000000014311200000000020252
1000000002201912010000000014357500000000019789
1000000002202001010000000014403900000000019325
1000000002202002010000000014450500000000018859
1000000002202003010000000014497200000000018392
1000000002202004010000000014544100000000017923
1000000002202005010000000014591100000000017453
1000000002202006010000000014638300000000016981
1000000002202007010000000014685600000000016508
1000000002202008010000000014733100000000016033
1000000002202009010000000014780700000000015557
1000000002202010010000000014828500000000015079
1000000002202011010000000014876500000000014599
1000000002202012010000000014924600000000014118
1000000002202101010000000014972800000000013636
1000000002202102010000000015021200000000013152
1000000002202103010000000015069800000000012666
1000000002202104010000000015118500000000012179
1000000002202105010000000015167400000000011690
1000000002202106010000000015216500000000011199
1000000002202107010000000015265700000000010707
1000000002202108010000000015315000000000010214
1000000002202109010000000015364500000000009719
1000000002202110010000000015414200000000009222
1000000002202111010000000015464100000000008723
1000000002202112010000000015514100000000008223
1000000002202201010000000015564200000000007722
1000000002202202010000000015614500000000007219
1000000002202203010000000015665000000000006714
1000000002202204010000000015715700000000006207
1000000002202205010000000015766500000000005699
1000000002202206010000000015817500000000005189
1000000002202207010000000015868600000000004678
1000000002202208010000000015919900000000004165
1000000002202209010000000015971400000000003650
1000000002202210010000000016023000000000003134
1000000002202211010000000016074800000000002616
1000000002202212010000000016126800000000002096
1000000002202301010000000016179000000000001574
1000000002202302010000000016231300000000001051
1000000002202303010000000016280500000000000526
1000000003201606200000000012500000000000000638
1000000003201607200000000012500000000000000638
1000000003201608200000000012500000000000000638
1000000003201609200000000012500000000000000638
1000000003201610200000000012500000000000000638
1000000003201611200000000012500000000000000638
1000000003201612200000000012500000000000000638
1000000003201701200000000012500000000000000638
1000000003201702200000000012500000000000000638
1000000003201703200000000012500000000000000638
1000000003201704200000000012500000000000000638
1000000003201705200000000012500000000000000638
1000000003201706200000000012500000000000000638
1000000003201707200000000012500000000000000638
1000000003201708200000000012500000000000000638
1000000003201709200000000012500000000000000638
1000000003201710200000000012500000000000000638
1000000003201711200000000012500000000000000638
1000000003201712200000000012500000000000000638
1000000003201801200000000012500000000000000638
1000000003201802200000000012500000000000000638
1000000003201803200000000012500000000000000638
1000000003201804200000000012500000000000000638
1000000003201805200000000012500000000000000638
1000000003201806200000000012500000000000000638
1000000003201807200000000012500000000000000638
1000000003201808200000000012500000000000000638
1000000003201809200000000012500000000000000638
1000000003201810200000000012500000000000000638
1000000003201811200000000012500000000000000638
1000000003201812200000000012500000000000000638
1000000003201901200000000012500000000000000638
1000000003201902200000000012500000000000000638
1000000003201903200000000012500000000000000638
1000000003201904200000000012500000000000000638
1000000003201905200000000012500000000000000638
1000000005201702010000000062499900000000001849
1000000005201705010000000062499900000000001849
1000000005201708010000000062499900000000001849
1000000005201711010000000062499900000000001849
1000000005201802010000000062499900000000001849
1000000005201805010000000062499900000000001849
1000000005201808010000000062499900000000001849
1000000005201811010000000062499900000000001849
1000000005201902010000000062499900000000001849
1000000005201905010000000062499900000000001849
1000000005201908010000000062499900000000001849
1000000005201911010000000062499900000000001849
1000000005202002010000000062499900000000001849
1000000005202005010000000062499900000000001849
1000000005202008010000000062499900000000001849
1000000005202011010000000062499900000000001849
1000000005202102010000000062499900000000001849
1000000005202105010000000062499900000000001849
1000000005202108010000000062499900000000001849
1000000005202111010000000062499900000000001849
1000000005202202010000000062499900000000001849
1000000005202205010000000062499900000000001849
1000000005202208010000000062499900000000001849
1000000005202211010000000062499900000000001849
1000000005202302010000000062499900000000001849
1000000005202305010000000062499900000000001849
1000000005202308010000000062499900000000001849
1000000005202311010000000062499900000000001849
1000000005202402010000000062499900000000001849
1000000005202405010000000062499900000000001849
1000000005202408010000000062499900000000001849
1000000005202411010000000062499900000000001849
1000000005202502010000000062499900000000001849
1000000005202505010000000062499900000000001849
1000000005202508010000000062499900000000001849
1000000005202511010000000062499900000000001849
1000000005202602010000000062499900000000001849
1000000005202605010000000062499900000000001849
1000000005202608010000000062499900000000001849
1000000005202611010000000062499900000000001849
1000000005202702010000000062499900000000001849
1000000005202705010000000062499900000000001849
1000000005202708010000000062499900000000001849
1000000005202711010000000062499900000000001849
1000000005202802010000000062499900000000001849
1000000005202805010000000062499900000000001849
1000000005202808010000000062499900000000001849
1000000005202811010000000062499900000000001849
1000000005202902010000000062499900000000001849
1000000005202905010000000062499900000000001849
1000000005202908010000000062499900000000001849
1000000005202911010000000062499900000000001849
1000000005203002010000000062499900000000001849
1000000005203005010000000062499900000000001849
1000000005203008010000000062499900000000001849
1000000005203011010000000062499900000000001849
1000000005203102010000000062499900000000001849
1000000005203105010000000062499900000000001849
1000000005203108010000000062499900000000001849
1000000005203111010000000062499900000000001849
1000000005203202010000000062499900000000001849
1000000005203205010000000062499900000000001849
1000000005203208010000000062499900000000001849
1000000005203211010000000062499900000000001849
1000000005203302010000000062499900000000001849
1000000005203305010000000062499900000000001849
1000000005203308010000000062499900000000001849
1000000005203311010000000062499900000000001849
1000000005203402010000000062499900000000001849
1000000005203405010000000062499900000000001849
1000000005203408010000000062499900000000001849
1000000005203411010000000062499900000000001849
1000000005203502010000000062499900000000001849
1000000005203505010000000062499900000000001849
1000000005203508010000000062499900000000001849
1000000005203511010000000062499900000000001849
1000000005203602010000000062499900000000001849
1000000005203605010000000062499900000000001849
1000000005203608010000000062499900000000001849
1000000005203611010000000062507900000000001849
1000000006201702150000000021666700000000000578
1000000006201703150000000021666700000000000578
1000000006201704150000000021666700000000000578
1000000006201705150000000021666700000000000578
1000000006201706150000000021666700000000000578
1000000006201707150000000021666700000000000578
1000000006201708150000000021666700000000000578
1000000006201709150000000021666700000000000578
1000000006201710150000000021666700000000000578
1000000006201711150000000021666700000000000578
1000000006201712150000000021666700000000000578
1000000006201801150000000021666700000000000578
1000000006201802150000000021666700000000000578
1000000006201803150000000021666700000000000578
1000000006201804150000000021666700000000000578
1000000006201805150000000021666700000000000578
1000000006201806150000000021666700000000000578
1000000006201807150000000021666700000000000578
1000000006201808150000000021666700000000000578
1000000006201809150000000021666700000000000578
1000000006201810150000000021666700000000000578
1000000006201811150000000021666700000000000578
1000000006201812150000000021666700000000000578
1000000006201901150000000021666700000000000578
1000000006201902150000000021666700000000000578
1000000006201903150000000021666700000000000578
1000000006201904150000000021666700000000000578
1000000006201905150000000021666700000000000578
1000000006201906150000000021666700000000000578
1000000006201907150000000021666700000000000578
1000000006201908150000000021666700000000000578
1000000006201909150000000021666700000000000578
1000000006201910150000000021666700000000000578
1000000006201911150000000021666700000000000578
1000000006201912150000000021666700000000000578
1000000006202001150000000021666700000000000578
1000000006202002150000000021666700000000000578
1000000006202003150000000021666700000000000578
1000000006202004150000000021666700000000000578
1000000006202005150000000021666700000000000578
1000000006202006150000000021666700000000000578
1000000006202007150000000021666700000000000578
1000000006202008150000000021666700000000000578
1000000006202009150000000021666700000000000578
1000000006202010150000000021666700000000000578
1000000006202011150000000021666700000000000578
1000000006202012150000000021666700000000000578
1000000006202101150000000021666700000000000578
1000000006202102150000000021666700000000000578
1000000006202103150000000021666700000000000578
1000000006202104150000000021666700000000000578
1000000006202105150000000021666700000000000578
1000000006202106150000000021666700000000000578
1000000006202107150000000021666700000000000578
1000000006202108150000000021666700000000000578
1000000006202109150000000021666700000000000578
1000000006202110150000000021666700000000000578
1000000006202111150000000021666700000000000578
1000000006202112150000000021666700000000000578
1000000006202201150000000021666700000000000578
1000000006202202150000000021666700000000000578
1000000006202203150000000021666700000000000578
1000000006202204150000000021666700000000000578
1000000006202205150000000021666700000000000578
1000000006202206150000000021666700000000000578
1000000006202207150000000021666700000000000578
1000000006202208150000000021666700000000000578
1000000006202209150000000021666700000000000578
1000000006202210150000000021666700000000000578
1000000006202211150000000021666700000000000578
1000000006202212150000000021666700000000000578
1000000006202301150000000021666700000000000578
1000000006202302150000000021666700000000000578
1000000006202303150000000021666700000000000578
1000000006202304150000000021666700000000000578
1000000006202305150000000021666700000000000578
1000000006202306150000000021666700000000000578
1000000006202307150000000021666700000000000578
1000000006202308150000000021666700000000000578
1000000006202309150000000021666700000000000578
1000000006202310150000000021666700000000000578
1000000006202311150000000021666700000000000578
1000000006202312150000000021666700000000000578
1000000006202401150000000021666700000000000578
1000000006202402150000000021666700000000000578
1000000006202403150000000021666700000000000578
1000000006202404150000000021666700000000000578
1000000006202405150000000021666700000000000578
1000000006202406150000000021666700000000000578
1000000006202407150000000021666700000000000578
1000000006202408150000000021666700000000000578
1000000006202409150000000021666700000000000578
1000000006202410150000000021666700000000000578
1000000006202411150000000021666700000000000578
1000000006202412150000000021666700000000000578
1000000006202501150000000021666700000000000578
1000000006202502150000000021666700000000000578
1000000006202503150000000021666700000000000578
1000000006202504150000000021666700000000000578
1000000006202505150000000021666700000000000578
1000000006202506150000000021666700000000000578
1000000006202507150000000021666700000000000578
1000000006202508150000000021666700000000000578
1000000006202509150000000021666700000000000578
1000000006202510150000000021666700000000000578
1000000006202511150000000021666700000000000578
1000000006202512150000000021666700000000000578
1000000006202601150000000021666700000000000578
1000000006202602150000000021666700000000000578
1000000006202603150000000021666700000000000578
1000000006202604150000000021666700000000000578
1000000006202605150000000021666700000000000578
1000000006202606150000000021666700000000000578
1000000006202607150000000021666700000000000578
1000000006202608150000000021666700000000000578
1000000006202609150000000021666700000000000578
1000000006202610150000000021666700000000000578
1000000006202611150000000021666700000000000578
1000000006202612150000000021666700000000000578
1000000006202701150000000021662700000000000578
1000000008201708200000000010476200000000000415
1000000008201709200000000010476200000000000415
1000000008201710200000000010476200000000000415
1000000008201711200000000010476200000000000415
1000000008201712200000000010476200000000000415
1000000008201801200000000010476200000000000415
1000000008201802200000000010476200000000000415
1000000008201803200000000010476200000000000415
1000000008201804200000000010476200000000000415
1000000008201805200000000010476200000000000415
1000000008201806200000000010476200000000000415
1000000008201807200000000010476200000000000415
1000000008201808200000000010476200000000000415
1000000008201809200000000010476200000000000415
1000000008201810200000000010476200000000000415
1000000008201811200000000010476200000000000415
1000000008201812200000000010476200000000000415
1000000008201901200000000010476200000000000415
1000000008201902200000000010476200000000000415
1000000008201903200000000010476200000000000415
1000000008201904200000000010476200000000000415
1000000008201905200000000010476200000000000415
1000000008201906200000000010476200000000000415
1000000008201907200000000010476200000000000415
1000000008201908200000000010476200000000000415
1000000008201909200000000010476200000000000415
1000000008201910200000000010476200000000000415
1000000008201911200000000010476200000000000415
1000000008201912200000000010476200000000000415
1000000008202001200000000010476200000000000415
1000000008202002200000000010476200000000000415
1000000008202003200000000010476200000000000415
1000000008202004200000000010476200000000000415
1000000008202005200000000010476200000000000415
1000000008202006200000000010476200000000000415
1000000008202007200000000010476200000000000415
1000000008202008200000000010476200000000000415
1000000008202009200000000010476200000000000415
1000000008202010200000000010476200000000000415
1000000008202011200000000010476200000000000415
1000000008202012200000000010476200000000000415
1000000008202101200000000010476200000000000415
1000000008202102200000000010476200000000000415
1000000008202103200000000010476200000000000415
1000000008202104200000000010476200000000000415
1000000008202105200000000010476200000000000415
1000000008202106200000000010476200000000000415
1000000008202107200000000010476200000000000415
1000000008202108200000000010476200000000000415
1000000008202109200000000010476200000000000415
1000000008202110200000000010476200000000000415
1000000008202111200000000010476200000000000415
1000000008202112200000000010476200000000000415
1000000008202201200000000010476200000000000415
1000000008202202200000000010476200000000000415
1000000008202203200000000010476200000000000415
1000000008202204200000000010476200000000000415
1000000008202205200000000010476200000000000415
1000000008202206200000000010476200000000000415
1000000008202207200000000010476200000000000415
1000000008202208200000000010476200000000000415
1000000008202209200000000010476200000000000415
1000000008202210200000000010476200000000000415
1000000008202211200000000010476200000000000415
1000000008202212200000000010476200000000000415
1000000008202301200000000010476200000000000415
1000000008202302200000000010476200000000000415
1000000008202303200000000010476200000000000415
1000000008202304200000000010476200000000000415
1000000008202305200000000010476200000000000415
1000000008202306200000000010476200000000000415
1000000008202307200000000010476200000000000415
1000000008202308200000000010476200000000000415
1000000008202309200000000010476200000000000415
1000000008202310200000000010476200000000000415
1000000008202311200000000010476200000000000415
1000000008202312200000000010476200000000000415
1000000008202401200000000010476200000000000415
1000000008202402200000000010476200000000000415
1000000008202403200000000010476200000000000415
1000000008202404200000000010476200000000000415
1000000008202405200000000010476200000000000415
1000000008202406200000000010476200000000000415
1000000008202407200000000010475400000000000415
1000000009201801100000000116666700000000003792
1000000009201804100000000116666700000000003792
1000000009201807100000000116666700000000003792
1000000009201810100000000116666700000000003792
1000000009201901100000000116666700000000003792
1000000009201904100000000116666700000000003792
1000000009201907100000000116666700000000003792
1000000009201910100000000116666700000000003792
1000000009202001100000000116666700000000003792
1000000009202004100000000116666700000000003792
1000000009202007100000000116666700000000003792
1000000009202010100000000116666300000000003792
